
%After ITF_ProjectMaxToXAxis:
a=[0.000000 0.000000 0.000000 0.000000 0.000000 0.000000 0.000000 0.000000 0.000000 0.000000 0.000000 0.000000 0.000000 0.000000 0.000000 0.000000 0.000000 0.000000 0.000000 0.000000 0.830308 0.595483 0.916388 1.131586 1.336111 1.388792 1.398433 1.512403 1.618452 1.808516 2.361334 2.352841 2.414130 2.450398 2.425836 2.444659 2.483912 2.405636 2.345725 2.280993 2.074402 1.815746 1.763066 1.845702 1.860508 1.685939 1.691792 1.430110 1.173593 0.714961 0.423668 0.435030 0.985940 1.394301 1.733454 1.863262 1.970689 2.043413 1.939357 1.947621 1.890464 1.866706 2.059023 2.130871 2.219934 2.313818 2.387962 2.376025 2.365466 2.250693 2.092766 2.045021 1.946587 1.849834 1.843980 1.833306 1.620518 1.525142 1.319584 1.348507 1.240046 0.976987 1.024503 1.084070 1.059968 0.974922 0.874036 0.685350 0.843048 0.811026 0.781070 0.920175 1.010042 1.188743 1.412894 1.559918 1.701089 1.971035 2.022682 2.018550 2.141889 2.142348 2.208686 2.212130 2.249545 2.239216 2.205014 2.090241 1.867050 1.606401 1.436996 1.469362 1.240047 1.122634 1.060657 0.823077 0.648508 0.610633 0.385449 0.527308 0.708419 0.940834 1.133652 1.149835 1.228684 1.170150 1.184955 1.174970 1.130209 1.166707 1.286185 1.399122 1.635668 1.871526 2.061777 2.180681 2.284436 2.189863 2.111130 1.894595 1.366755 1.149146 1.112649 1.025880 0.810681 0.935669 0.884022 1.138817 1.274478 1.184611 1.031734 0.760411 0.403697 0.417470 0.507682 0.539014 0.872659 1.268625 1.514123 1.595039 1.705564 1.601925 1.506893 1.234537 1.094056 1.344719 1.617419 1.571969 1.662869 1.786824 2.014762 2.049612 2.071418 2.079682 2.091848 2.221999 2.348020 2.427214 2.424919 2.333100 2.238298 2.163007 1.782348 1.494842 1.399466 1.420125 1.449047 1.462132 1.335422 1.183234 0.757312 0.612355 0.228095 0.407485 0.700155 0.881267 1.076495 1.278266 1.459722 1.598826 1.767542 1.812648 1.850523 1.905269 1.875658 2.030256 2.076697 2.027157 2.027502 1.910779 1.674576 1.399810 1.026569 0.935669 1.162919 1.117469 0.981119 1.162919 0.890219 0.970789 1.162919 1.469362 1.837095 1.996169 2.139364 2.193536 2.177009 2.241511 2.276402 2.444200 2.640462 2.847052 3.044461 3.172548 3.303618 3.299487 3.256561 3.115621 3.073155 3.025409 2.980648 2.918211 2.723787 2.456365 2.146020 1.882199 1.799563 1.907335 1.591595 1.163608 0.945310 1.650129 2.123066 2.408621 2.372812 2.139134 1.415305 0.525242 0.291106 0.597893 1.613288 2.244495 2.904668 3.300864 3.422064 3.311652 3.311423 3.261841 3.425965 3.613734 3.755134 3.765004 3.374777 3.072237 2.755234 2.670073 2.968252 3.546477 3.938540 3.879777 3.288468 2.349168 2.163237 2.370975 1.664590 1.390169 1.897694 2.492634 2.582157 2.502964 2.127427 2.548414 2.629673 2.200193 1.726912 0.689826 1.352638 1.899416 2.272270 2.521098 2.313129 2.386814 2.132707 2.193306 2.062466 2.175861 2.255973 2.567925 2.690273 2.580780 2.399209 2.184354 1.927306 1.956228 1.986184 2.104473 2.299587 2.687748 2.620032 2.523852 2.256432 1.609844 0.890563 0.677430 0.925339 0.623717 0.297992 0.496663 1.023470 1.074429 0.474627 0.448459 1.114370 1.891496 1.926961 1.924551 1.413239 1.009697 0.753869 1.005910 1.240047 1.365034 1.386382 1.586086 2.176320 2.511686 2.743068 2.796093 2.502734 2.236461 2.053743 1.981019 2.121000 1.844669 1.708319 1.617419 1.481069 1.117469 0.981119 0.844769 1.072019 1.117469 0.982841 1.637734 2.165073 2.092307 1.707286 1.778216 1.182201 1.181857 1.848457 2.978812 3.219834 3.490238 3.570121 3.354806 2.893650 2.484600 2.344577 2.549791 3.044232 3.799896 4.366413 4.398550 3.997075 3.006587 0.981119 1.390169 2.121000 2.211900 2.121000 1.526519 0.299369 1.305123 2.294766 2.858071 2.771532 2.362941 1.668378 0.491843 1.710040 2.275025 2.018206 1.871526 1.385693 1.356081 2.342971 2.437543 2.126280 1.435619 1.399466 2.517884 3.007045 3.036427 2.595701 2.082666 1.162919 2.199045 2.943232 3.371564 3.458102 2.939100 1.935569 1.299269 1.441816 2.538773 2.541757 2.172418 1.296514 0.526619 0.605812 0.343442 0.595138 1.883921 2.454759 2.487814 2.194455 1.906991 1.345064 0.646098 0.758001 0.851311 0.854755 0.753869 0.662969 0.952197 0.708419 0.981119 1.253819 1.390169 1.519288 1.662869 1.708319 1.753769 2.392093 2.919588 3.187698 3.065121 2.300964 1.136062 0.662969 0.481169 0.751803 1.958638 2.830296 3.322211 3.376155 2.978812 2.198357 1.265870 0.499418 0.531095 0.904336 1.058246 1.328192 1.968967 2.452693 2.581927 2.406784 2.013729 1.753769 1.890119 2.090700 2.821573 3.594222 3.987894 3.669055 2.990518 2.057646 1.708319 1.571969 1.708319 1.662869 2.060630 2.690961 3.134903 3.030917 2.690273 2.422623 2.244725 2.567236 2.846364 3.159463 3.054561 2.298668 1.506893 0.605812 0.595139 0.836506 0.918109 1.003844 1.402909 2.137986 3.041707 3.504241 3.592846 3.205143 2.930837 2.674434 2.499520 2.684534 3.063743 3.371104 3.422523 3.458102 3.206980 2.694175 2.168516 1.624994 1.526519 1.344719 1.571280 1.825732 1.904581 1.561639 1.282053 1.190809 1.334734 1.728290 1.820911 2.009598 2.356514 2.503193 2.393930 2.277091 2.126968 2.068663 2.295684 2.451316 2.343659 2.178845 2.242200 2.363400 2.242200 2.299127 2.504570 2.648725 2.757300 2.476795 2.162548 1.844669 1.844669 1.890119 1.571969 1.175314 0.838227 0.733554 0.712895 0.515601 0.307977 0.551410 0.797598 0.958050 1.091645 1.135030 1.346785 1.830552 2.279845 2.659514 2.682927 2.409309 2.163696 2.211900 2.151300 2.097586 2.293848 2.434789 2.475648 2.286273 2.249775 2.026469 2.121000 2.151300 2.181600 2.151300 1.935569 1.890119 1.662869 1.617419 1.390169 1.390169 1.253819 1.162919 1.162919 1.026569 0.969412 1.257262 1.463165 1.895973 2.078075 2.108605 2.142577 2.070959 1.987217 1.911467 1.942455 1.955540 2.076927 2.108834 2.219934 2.334018 2.378321 2.377402 2.296602 2.302800 2.211900 2.151300 2.121000 2.026469 2.090700 2.121000 2.151300 2.151300 1.981019 2.060400 1.799219 1.708319 1.208369 0.890219 0.689482 0.738030 0.910878 0.957361 1.084070 1.182545 1.298580 1.389481 1.642210 1.750326 1.930749 2.059482 2.106080 2.091848 2.094832 2.082207 2.046857 2.094373 2.117327 2.121000 2.050300 1.952096 1.648063 1.641521 1.214222 1.072019 1.026569 0.935669 1.026569 0.844769 1.026569 0.708419 0.435719 0.193319 0.251509 0.257018 0.349984 0.607878 0.673987 0.610977 0.692580 0.661247 0.533506 0.649885 1.072019 1.072019 1.253819 1.208369 1.216977 1.483824 1.682495 1.563706 1.594005 1.590907 1.455589 1.335767 1.398777 1.299269 1.435619 1.481069 1.662869 1.526519 1.481069 1.208369 1.072019 0.707042 0.662969 0.572069 0.753869 0.844769 0.617519 0.801729 1.130898 1.159476 1.160853 0.950819 0.808271 0.997302 1.246244 1.620862 1.823322 1.920763 2.079911 2.122377 2.098505 2.137298 2.148316 2.240364 2.288568 2.289027 2.325066 2.394389 2.263088 2.274795 2.043643 1.910090 1.766165 1.402909 1.289284 1.215256 1.125732 1.073052 0.965969 0.826520 0.804484 0.808960 0.820323 0.821700 0.658493 0.388892 0.598582 0.865772 1.234882 1.459722 1.692825 1.826420 1.984462 2.171730 2.269746 2.369139 2.396685 2.454530 2.436166 2.309916 2.264695 2.109293 1.998924 2.027157 1.957261 2.038823 1.951408 1.746883 1.581609 1.414960 1.013829 1.045162 1.061345 1.094056 1.092678 1.057213 0.997646 0.990416 0.845802 0.891252 0.896761 0.965280 1.248310 1.431831 1.818845 2.027157 2.185044 2.194684 2.201111 2.171500 2.131789 2.173795 2.172418 2.267909 2.270435 2.260564 2.209605 2.175861 2.018206 1.917665 1.676986 1.613632 1.371920 1.240735 0.798286 0.481169 0.432964 0.532472 0.494253 0.435719 0.667101 0.855787 0.709452 0.780381 0.648508 0.778661 0.954951 0.996614 1.107829 1.368821 1.505172 1.730355 1.948998 2.082895 2.042266 2.006499 1.823322 1.562672 1.440439 1.526519 1.662869 1.617419 1.617419 1.617419 1.753769 1.708319 1.617419 1.708319 1.571969 1.662869 1.526519 1.390169 1.117469 1.044129 1.276888 1.392235 1.544079 1.555098 1.414271 1.390513 1.361246 1.339899 1.379151 1.331291 1.342309 1.285152 1.213189 1.390169 1.408762 1.554409 1.958294 2.125820 2.168286 2.221771 2.191929 2.154743 2.079682 2.051448 1.816090 1.696957 1.586430 1.413238 1.299269 1.344719 1.390169 1.385348 1.398088 1.341276 1.270002 1.156721 0.936014 0.991793 