a=[0.011158 0.072386 0.208252 0.234236 0.250693 0.655078 0.640750 0.187377 0.235590 0.318472 0.301217 0.623304 0.494762 0.612730 0.574763 0.615306 0.324301 0.538921 0.320033 0.674417 0.542859 0.530044 0.420669 0.417676 0.559426 0.792906 0.723492 0.714869 1.570277 0.531363 0.481447 ];
