logd=[0.000000 0.000000 0.000000 0.000000 0.000000 0.000000 0.000000 0.000000 0.000000 0.000000 0.000000 0.000000 0.000000 0.000000 0.000000 0.000000 0.000000 0.000000 0.000000 0.000000 8.436253 8.279246 8.124074 7.146213 6.442428 5.880501 5.270369 4.802095 4.518376 4.471549 7.705387 6.815668 6.347395 5.175335 4.474306 3.444104 3.149366 2.036532 1.605446 0.436140 -0.709750 -1.417669 -1.326768 -1.190418 -1.917618 -2.372118 -2.363855 -2.515355 -2.394155 -2.599369 -2.463018 -2.053968 -1.826718 -1.281318 -0.508668 1.036632 1.536581 1.400231 0.945732 0.036731 -0.735918 -1.508568 -1.144969 -1.190418 -1.417669 -1.372218 -1.190418 -1.372218 -1.326768 -1.390123 -1.161495 -1.230359 -0.562382 0.582132 0.854832 0.491232 0.218532 -0.826818 -1.281318 -1.781268 -1.781268 -2.099418 -2.144868 -2.826618 -1.964446 -2.548409 -2.193073 -1.978218 -2.730209 -2.253673 -2.238523 -2.350082 -2.644818 -1.144969 0.445781 1.036632 1.172982 0.400331 -0.099618 -0.963168 -1.054068 -0.870891 -1.144969 -0.463218 -0.417768 -1.054068 -1.190418 -1.934146 -1.863904 -1.621504 -1.326768 -1.099519 -1.417669 -1.190418 -1.963068 -2.042950 -1.235868 -1.008619 -1.381859 -1.162873 -0.822686 -0.581664 -1.347428 -1.644918 -2.326668 -2.190318 -1.895582 -1.212455 -0.649150 -0.985205 -0.890173 -1.388746 -1.731686 -2.139359 -2.281218 -1.993368 -1.461741 -0.993468 -0.919096 -0.508668 -0.763464 -0.409505 -0.559627 -0.554118 0.036731 -0.099618 -0.417768 -1.923127 -2.007141 -1.144969 -0.770351 -0.678074 -1.098141 -0.819933 -0.866759 -0.817178 -0.442559 0.028468 0.763932 1.627482 2.400131 3.445481 4.263581 4.172682 4.218131 3.854532 4.218131 3.763631 4.536282 5.672532 7.081482 8.453701 9.453601 10.089900 10.544400 10.544400 10.241401 10.059599 9.393001 9.029400 8.498689 8.413300 8.420646 8.599690 8.834745 9.468292 9.812611 10.124791 10.156927 10.124789 9.843830 9.123055 8.591426 8.081384 6.906567 6.945131 6.581532 7.626882 8.696100 9.877800 10.847400 11.695801 11.483700 10.907999 10.211101 9.635400 9.696000 9.999000 9.966866 10.459011 10.415854 10.326796 10.189061 10.253336 9.783222 10.279965 10.968599 11.405655 11.749053 11.717837 11.374435 10.906162 10.030219 9.124891 8.750276 8.040063 7.710896 7.289450 7.052555 6.865251 6.020980 5.083061 4.099687 2.945532 2.036531 1.101364 -0.023868 -0.727655 -0.678073 -0.937000 -0.756577 -0.773105 -0.357168 -0.321358 -1.300600 -2.274332 -2.690269 -1.872169 -0.599568 1.536581 2.945532 3.309132 2.945532 2.400131 1.763831 0.945732 1.445681 1.400231 2.081981 3.218232 4.990781 6.308832 6.899682 7.717782 8.150700 7.899582 7.445082 6.399732 5.263481 4.763532 5.354382 5.854332 5.945232 5.899782 5.581632 6.672431 7.899582 7.717782 6.672431 5.172582 4.763532 4.627182 3.990882 3.990882 3.036432 2.400131 1.875389 1.284540 0.211646 -0.246986 -1.125687 -0.872268 1.445681 3.581831 5.808882 7.354182 8.271900 8.302200 8.453701 8.332500 8.302200 8.150700 8.362801 8.544600 8.665800 8.484000 8.150700 7.717782 7.399632 7.036032 5.763432 5.027969 3.809083 3.069485 2.627381 4.627182 8.453701 10.059599 12.089700 14.059199 16.271099 18.240599 20.149502 21.846300 22.512899 23.149200 23.876400 24.270300 25.027800 25.997398 27.270000 28.633501 29.663700 30.269699 29.966700 29.300100 28.572899 28.421402 28.360800 27.845699 26.330700 25.028719 24.093098 22.940771 22.178686 21.582779 20.457088 19.081654 17.144289 15.519111 17.361898 19.240499 20.513100 20.997900 20.482801 20.543400 21.391800 21.815998 21.603899 21.331200 20.634300 20.058599 21.331200 22.209900 23.179501 23.391602 23.149200 22.512899 21.210001 20.119198 19.498514 19.123886 18.530745 17.436272 16.849550 16.183870 15.809254 15.120618 14.525636 14.117968 13.460545 12.835268 11.929934 10.838218 9.622545 8.469309 7.058071 6.306077 7.062200 8.393100 9.574800 10.907999 12.362400 13.938000 15.513599 16.907402 18.422401 18.967800 19.088999 18.604200 17.664902 16.452900 15.998400 15.574201 15.756000 15.937800 16.137045 16.750389 17.580429 18.160713 18.569311 18.001875 17.276503 16.089300 14.995746 13.996762 12.841689 11.780273 11.122854 10.623363 9.867701 9.267209 8.739256 7.516698 6.540215 2.194918 1.548977 1.172982 1.718382 2.854632 2.672831 3.899982 5.536181 7.535982 9.090000 11.120100 12.422999 13.362300 13.725900 13.392600 12.756300 12.544200 12.574500 12.574500 12.241200 12.271501 11.968500 11.786699 11.604900 11.574600 11.423100 11.483700 11.180700 11.180700 10.795062 10.284554 10.279966 9.872293 9.810770 9.372797 9.342499 8.935744 8.311380 7.242620 6.209668 4.942576 3.625906 2.451091 1.583408 1.082082 1.582032 1.536581 1.672932 1.082082 -0.014228 -0.237345 -1.164250 -2.056723 -0.917718 -0.281419 -0.599568 -1.644918 -1.008619 -0.554118 0.354882 0.173082 -0.190518 -0.872268 -1.372218 0.082181 1.672932 2.309232 3.263681 3.354582 2.718282 2.400131 1.900181 1.536581 1.672932 2.718282 3.945431 4.945331 5.945232 6.581532 7.263282 8.241600 8.453701 8.514300 8.035931 7.217832 6.672431 6.945131 7.354182 7.445082 7.672332 6.945131 6.945131 6.536082 6.036132 5.581632 5.372285 5.275877 5.441150 5.521032 5.439775 5.081682 5.354382 5.263481 4.945331 3.990882 4.945331 6.172482 7.354182 8.302200 8.665800 9.090000 9.483900 9.574800 9.120299 8.908199 8.847600 8.544600 8.968800 9.574800 9.999000 10.574700 10.847400 11.453401 11.483700 12.150300 12.150300 12.210900 12.089700 11.847300 11.756400 11.392800 11.362500 11.392800 11.483700 11.392800 10.968600 10.843723 10.937382 10.718854 10.779454 10.621526 10.745481 10.401164 10.028380 9.933808 9.216710 8.779655 8.217725 7.520833 6.723391 5.832295 5.268991 4.613409 3.910999 3.676864 3.116313 2.368454 1.199150 0.214400 -0.490764 -2.037441 -1.547132 -1.458987 -1.366709 -2.323914 -2.372118 -1.994746 -1.741327 -1.341918 -1.644918 -1.963068 -2.463018 -1.963068 -1.872169 -2.190318 -1.872169 -1.235868 -0.554118 0.627582 0.627582 0.900282 0.854832 0.400331 -0.417768 -1.372218 -1.741328 -2.319782 -1.851509 -1.854264 -2.182055 -1.690368 -1.054068 -1.599468 -1.508568 -1.554018 -2.281218 -2.321159 -2.003010 -2.271577 -2.087023 -2.191696 -2.235768 -1.735818 -1.554018 -1.963068 -2.281218 -1.963068 -1.666955 -1.713782 -1.666955 -2.182055 -2.235768 -1.963068 -1.963068 -1.190418 -0.963168 -0.099618 -0.190518 -1.144969 -1.690368 -1.807437 -1.901091 -1.235868 -1.235868 -1.417669 -1.826718 -1.054068 0.082181 0.854832 1.672932 2.127432 2.763732 3.490931 4.263581 4.309031 4.399931 4.581732 4.399931 3.627282 2.081981 -0.645018 -1.508568 -0.099618 0.036731 -0.281419 -1.599468 -2.310141 -2.650328 -2.553918 -1.463118 -1.917618 -1.638032 -1.486532 -1.554018 -0.099618 1.082082 2.172882 2.263782 2.081981 1.854731 2.036531 1.672932 1.263882 2.036531 2.854632 3.263681 3.354582 2.990982 2.127432 0.082181 -0.693223 -0.826818 -0.872268 -0.463218 1.082082 1.991081 2.263782 2.536481 1.945632 0.673032 -0.372318 -0.417768 0.400331 1.582032 2.036531 2.309232 2.945532 3.445481 2.763732 1.354782 -0.826818 -1.599468 0.718482 2.445582 3.445481 4.127231 3.718182 3.400032 3.536381 4.081781 4.718082 5.081682 4.536282 3.218232 1.263882 -0.463218 -1.417669 -1.735818 -1.599468 -1.644918 -0.872268 -0.190518 0.309431 -0.463218 -0.372318 0.309431 0.582132 1.400231 1.718382 1.536581 1.127532 0.809382 0.582132 -0.190518 -0.735918 -1.628391 -2.340441 -2.508468 -0.417768 1.536581 3.400032 3.809082 3.172781 1.763831 -0.145069 -0.645018 1.263882 1.582032 0.173082 -1.690368 -1.372218 0.036731 1.400231 1.991081 1.536581 0.309431 -1.144969 -0.118899 1.002200 1.767963 1.279032 0.692313 -0.691845 -1.554018 -1.394254 -0.339264 -0.161595 0.159309 -0.034887 -1.012750 -1.463118 -1.963068 -1.554018 -1.417669 -1.412158 -0.902568 0.065654 0.712972 0.613810 0.429254 0.093200 -0.599568 -0.190518 -0.281419 -0.872268 -2.144868 -2.973987 -1.989237 -0.492142 1.802395 2.270667 2.132941 1.851978 1.430532 -0.069319 -1.241377 -1.917618 -1.054068 -0.781368 -0.417768 0.082181 -0.417768 -0.162973 -0.910832 -2.235768 -1.735818 -0.826818 0.400331 1.557240 2.769241 3.254040 3.391768 2.876669 2.190785 1.066932 0.354882 0.017450 0.157932 0.723990 1.382327 1.995212 2.172882 2.809181 3.036432 